original	custom	sklearn
-1.254598811526375	0.374002767083837	0.37400276708383706
4.507143064099161	0.9572321567695184	0.9572321567695186
2.3199394181140507	0.7358335805919454	0.7358335805919454
0.986584841970366	0.6008654420558079	0.6008654420558079
-3.439813595575635	0.15280551244375282	0.1528055124437528
-3.4400547966379733	0.15278109698894493	0.15278109698894493
-4.419163878318005	0.05367127838361974	0.053671278383619736
3.661761457749352	0.8716588338116289	0.871658833811629
1.0111501174320878	0.6033520495651812	0.6033520495651812
2.0807257779604544	0.7116193015834598	0.7116193015834598
-4.794155057041976	0.015712987119321866	0.015712987119321842
4.699098521619943	0.9766627502867831	0.9766627502867831
3.324426408004218	0.8375122650431203	0.8375122650431204
-2.8766088932172384	0.20981562187162991	0.2098156218716299
-3.181750327928994	0.17892783540420354	0.17892783540420348
-3.165954901465662	0.1805267194109665	0.18052671941096649
-1.9575775704046228	0.3028440999042099	0.3028440999042099
0.2475643163223786	0.5260584653735919	0.5260584653735919
-0.6805498135788426	0.4321105848149581	0.4321105848149581
-2.0877085980195806	0.28967165284681673	0.28967165284681673
1.118528947223795	0.6142214169746298	0.6142214169746298
-3.605061393479581	0.1360783881818806	0.13607838818188056
-2.0785535146478185	0.29059837150285767	0.2905983715028576
-1.336381567063083	0.3657243492671227	0.3657243492671227
-0.4393001578296402	0.45653095846614883	0.45653095846614883
2.8517596139301364	0.7896668093140601	0.78966680931406
-3.003262178416403	0.1969952075207396	0.19699520752073957
0.1423443841361162	0.5154076312757697	0.5154076312757697
0.9241456886204248	0.5945450705280878	0.5945450705280877
-4.535495872800023	0.04189563143392027	0.04189563143392022
1.0754485190143832	0.6098606225492036	0.6098606225492036
-3.294758763127085	0.1674886140519348	0.16748861405193477
-4.349484070147205	0.06072458151141027	0.06072458151141025
4.488855372533333	0.9553809944958632	0.9553809944958632
4.656320330745594	0.9723325496818148	0.9723325496818149
3.0839734811646107	0.8131725398704138	0.8131725398704138
-1.9538623082662931	0.3032201754237723	0.3032201754237723
-4.023278859936161	0.09374453793613667	0.09374453793613663
1.8423302651215687	0.6874878370961283	0.6874878370961283
-0.5984750626039865	0.44041855972132665	0.4404185597213266
-3.779617651552212	0.11840901977573966	0.11840901977573964
-0.0482308988872981	0.49611674521974436	0.49611674521974436
-4.656114788847816	0.029686043029985565	0.029686043029985565
4.093204020787821	0.9153313877297153	0.9153313877297153
-2.412200183999831	0.2568251571629306	0.2568251571629306
1.6252228435398202	0.6655112488145493	0.6655112488145493
-1.8828892391058905	0.3104043882372016	0.3104043882372016
0.2006802117781081	0.5213126457465462	0.5213126457465462
0.4671027934327965	0.5482811360140971	0.5482811360140971
-3.1514554447447294	0.18199441953996703	0.18199441953996703
4.695846277645586	0.9763335435452771	0.9763335435452771
2.751328233611145	0.7795006939425039	0.7795006939425038
4.394989415641891	0.945879460770159	0.945879460770159
3.948273504276488	0.9006608699390241	0.9006608699390242
0.9789997881108512	0.600097648838286	0.600097648838286
4.218742350231167	0.9280389412515319	0.9280389412515319
-4.115074979480805	0.08445252244269286	0.08445252244269286
0.0009543185911366226	0.5010954938327045	0.5010954938327045
-4.54772711089462	0.0406575305812615	0.04065753058126148
-1.7466966923673564	0.32419040948367234	0.3241904094836724
-1.1132271031051797	0.3883130463363876	0.3883130463363876
-2.286509682261041	0.26954811424792546	0.26954811424792546
3.2873750915192943	0.8337617643842884	0.8337617643842884
-1.432466733064107	0.35599817722847327	0.35599817722847327
-2.1906549031261924	0.27925096549327116	0.2792509654932711
0.4269608315824849	0.5442177863507279	0.5442177863507279
-3.590757750252373	0.13752626718961217	0.13752626718961214
3.0219698075403976	0.8068962495563508	0.8068962495563508
-4.254493563202292	0.07033994724408642	0.07033994724408638
4.868869366005173	0.9938477176273186	0.9938477176273186
2.7224476929665737	0.7765772759106786	0.7765772759106786
-3.012843184658276	0.19602537503888867	0.19602537503888867
-4.944778828763976	0.00046617246675817545	0.0004661724667581746
3.154614284548341	0.8203231192496621	0.8203231192496621
2.068573438476172	0.710389187202485	0.710389187202485
2.290071680409873	0.7328102340400646	0.7328102340400646
2.712703466859457	0.7755909215810175	0.7755909215810175
-4.259553482659096	0.06982775947164648	0.06982775947164643
-1.4153427145572737	0.35773154728882894	0.35773154728882894
-3.841309404748703	0.11216430344826227	0.11216430344826223
3.631034258755936	0.8685484887280538	0.8685484887280539
1.2329812682755792	0.6258067949377645	0.6258067949377645
-1.691019751473508	0.3298262794962559	0.3298262794962559
-4.364416497139763	0.059213054186967186	0.05921305418696715
-1.890176782843378	0.3096667103304035	0.3096667103304035
-1.7481667797325295	0.32404160063813875	0.3240416006381387
2.2960617833806403	0.7334165791654119	0.7334165791654119
1.3755747135521317	0.6402407438818576	0.6402407438818576
3.8721274257632654	0.8929530218859727	0.8929530218859727
-0.2778507483805068	0.4728735927893688	0.4728735927893688
-3.804057540616983	0.11593510444059901	0.11593510444059901
2.1324478722299496	0.7168548442587879	0.7168548442587879
2.6078504861689744	0.7649772319616444	0.7649772319616444
0.6127719756949626	0.5630264248695704	0.5630264248695704
2.7096717995456103	0.7752840425997385	0.7752840425997385
-0.0620440363560925	0.4947185174078303	0.4947185174078303
0.2273282938199408	0.524010084292223	0.524010084292223
-0.7245898164145039	0.42765265793623797	0.42765265793623797
-4.745808732559048	0.020606819215655197	0.02060681921565516
-3.921085730066956	0.10408898550950443	0.1040889855095044
-4.685708143132658	0.026690470800116016	0.026690470800115995
1.3641041126378042	0.6390796381407461	0.6390796381407461
-1.856440189236733	0.3130816798524703	0.31308167985247026
0.0857069116470281	0.5096745319411932	0.5096745319411932
4.0756647392609295	0.9135559828814473	0.9135559828814475
-2.5070777085112503	0.2472212280195974	0.2472212280195974
-0.8961707696437031	0.4102844632489866	0.4102844632489866
2.5555113854304867	0.759679233120436	0.7596792331204361
-2.712018345083776	0.22647621635990509	0.22647621635990506
-4.23020090171207	0.07279895954290529	0.07279895954290527
-2.1024854708623195	0.2881758714120405	0.2881758714120405
-3.387787127459956	0.15807186520679029	0.15807186520679029
4.29697652342573	0.935958155626243	0.9359581556262431
3.0812037956441696	0.8128921798628713	0.8128921798628713
1.3340375651042349	0.6360361671650431	0.6360361671650431
3.714605901877178	0.8770079857802956	0.8770079857802956
3.0367207689911453	0.8083894081236569	0.8083894081236569
-3.134299411139642	0.18373103031235363	0.1837310303123536
3.925589984899778	0.898364742231886	0.8983647422318859
0.393422419156507	0.5408228776178361	0.5408228776178361
3.0744015516406247	0.8122036261747126	0.8122036261747125
3.960912999234932	0.9019402963849976	0.9019402963849976
-1.8199652502813608	0.3167738369891443	0.3167738369891443
-3.899480754723232	0.10627593814568553	0.10627593814568553
-2.720648374580583	0.22560264601519994	0.22560264601519991
-0.7289221137374371	0.4272141233440723	0.4272141233440723
3.1801476592249305	0.8229077221094746	0.8229077221094746
3.6073058325634335	0.8661465908601539	0.866146590860154
-4.930478694688093	0.0019136962624324366	0.0019136962624324294
0.1074730257756577	0.5118777957688861	0.5118777957688861
-0.8258899685122101	0.41739860158342756	0.41739860158342756
-2.7789218952926973	0.2197039385316974	0.2197039385316974
-3.801346326663172	0.11620954569356068	0.11620954569356068
-1.6238482859637204	0.3366256769144738	0.3366256769144738
4.4290970391251925	0.949331987602704	0.949331987602704
-1.7679706797924477	0.3220369609311424	0.3220369609311424
0.1879062174336612	0.5200196046686602	0.5200196046686602
2.030189588951778	0.7065038015647487	0.7065038015647487
-1.3637039762070602	0.36295865230364077	0.36295865230364077
4.717820827209607	0.978557906143862	0.9785579061438621
4.624472949421111	0.9691088147117459	0.9691088147117459
-2.4821770417463584	0.24974178534298108	0.24974178534298108
-0.027514941076145	0.49821370750853855	0.49821370750853855
-1.991216901832304	0.29943897569671996	0.29943897569671996
-2.151595056225324	0.28320477862148186	0.28320477862148186
-4.6311305264546725	0.03221506227830412	0.03221506227830412
1.0956433397989684	0.6119048330076471	0.6119048330076471
0.0267902322886151	0.5037107210509694	0.5037107210509694
-4.485212487500107	0.04698554152584303	0.046985541525843
-2.213535357633885	0.2769349031277033	0.2769349031277033
4.082658859666537	0.9142639591607749	0.9142639591607749
-2.604381093330276	0.23737174240094666	0.23737174240094666
-3.551051279087769	0.14154553452990581	0.14154553452990581
-0.1054723972243696	0.4903225036760446	0.4903225036760446
4.856504541106007	0.9925960945183385	0.9925960945183385
-2.579447284884996	0.23989565447406458	0.23989565447406458
1.721355474058786	0.6752422254248766	0.6752422254248766
2.616196153287176	0.7658220178692636	0.7658220178692636
-2.6236245600760038	0.23542383227102107	0.23542383227102104
2.282163486118596	0.732009731096757	0.7320097310967569
-1.322168672807468	0.36716304225637947	0.3671630422563794
1.3230583059357943	0.6349247972421558	0.6349247972421558
1.3352971076089473	0.6361636637142054	0.6361636637142054
0.357746840747585	0.537211635345748	0.537211635345748
-4.097102299455917	0.08627179783339978	0.08627179783339978
3.35302495589238	0.8404071385016607	0.8404071385016607
-1.7921993502826417	0.31958442608874166	0.3195844260887416
-3.134814896001457	0.18367885061950406	0.18367885061950406
-4.592248584452361	0.03615086707367953	0.03615086707367948
0.9089294318824184	0.5930048126820792	0.5930048126820793
1.7756436184228246	0.680737515215374	0.680737515215374
-4.834121710721439	0.011667382936347058	0.011667382936347004
0.12093058299281	0.5132400301507531	0.5132400301507531
-2.7350422480206205	0.2241456335000854	0.22414563350008537
1.4517279040944988	0.6479493118464403	0.6479493118464403
-3.2563357099500854	0.1713779680594586	0.1713779680594586
1.90937738102466	0.6942746472886795	0.6942746472886796
-1.132646536994626	0.3863473240218742	0.3863473240218742
4.367299887367345	0.9430766023594819	0.9430766023594819
-3.624790558540068	0.13408131348717522	0.13408131348717522
-1.589336489497415	0.34011911595157307	0.34011911595157307
-3.865264787594109	0.10973943200865163	0.1097394320086516
4.246936182785628	0.9308928476063446	0.9308928476063447
3.773393533809809	0.8829587339105062	0.8829587339105062
-2.420583722848444	0.2559765377086702	0.2559765377086701
1.59984046034179	0.6629419299903269	0.6629419299903269
3.172222002012159	0.822105451490824	0.8221054514908241
0.5520081159946235	0.5568756340891127	0.5568756340891127
0.2965057835600646	0.5310125404924566	0.5310125404924566
-2.581477090995483	0.2396901883833312	0.23969018838333117
-4.068972321941008	0.08911924049432453	0.08911924049432451
3.972157579533267	0.9030785233042585	0.9030785233042584
4.004180571633304	0.9063200343857292	0.9063200343857292
1.3310145727326796	0.6357301663003835	0.6357301663003835
-1.609702089512993	0.3380576184523678	0.3380576184523678
-1.507904253873391	0.3483620525684766	0.3483620525684766
2.259556788702394	0.7297213796534828	0.7297213796534829
3.9711025995257714	0.902971733489792	0.902971733489792
3.870864242651173	0.8928251568181808	0.8928251568181808
2.798755458576238	0.7843014906577981	0.7843014906577981
1.4203164615428774	0.644769704556841	0.644769704556841
-4.158600350049512	0.08004668895334131	0.08004668895334127
-3.3837128590538623	0.15848428095313843	0.15848428095313843
3.985541885270793	0.904433342842372	0.904433342842372
1.0642905965958995	0.6087311675297377	0.6087311675297377
-4.908029483833704	0.004186106208618892	0.004186106208618867
-3.985284571339679	0.09759049046716044	0.0975904904671604
1.6350176910805576	0.6665027272730716	0.6665027272730716
-4.949384161537813	0.0	0.0
-3.3919194858250137	0.15765356933390315	0.15765356933390312
0.4873378936658614	0.550329423739218	0.550329423739218
1.918951976926932	0.695243830887166	0.695243830887166
1.5196125950260058	0.6548209051450703	0.6548209051450703
-2.757306905394402	0.2218919048860694	0.2218919048860694
2.1217922134753584	0.715776230623139	0.715776230623139
-2.6275091250319997	0.2350306191598846	0.2350306191598846
-1.7460030184073227	0.3242606262773234	0.3242606262773234
2.4649140511802416	0.7505085640584549	0.7505085640584549
1.496328990472147	0.6524640341212091	0.6524640341212091
3.4922341049417795	0.8544985137821491	0.8544985137821491
1.5761289230034334	0.6605417416880944	0.6605417416880944
0.6830860333547157	0.570143929579163	0.570143929579163
-4.063252321719075	0.08969824460635406	0.089698244606354
-1.3228419694056646	0.36709488815081204	0.36709488815081204
-2.347976323182745	0.2633261847959223	0.2633261847959223
-2.560103566209164	0.24185371255460508	0.24185371255460508
4.730105547524456	0.9798014207070531	0.9798014207070531
-1.069022753332396	0.3927876091501954	0.3927876091501954
3.9204655517711338	0.8978460240958397	0.8978460240958397
1.311386259972629	0.6337433003284744	0.6337433003284744
2.948113035416484	0.7994201353777183	0.7994201353777184
0.0263709310519209	0.5036682774966328	0.5036682774966328
0.7690388462635909	0.5788444593315772	0.5788444593315772
-0.0748230618113607	0.4934249670583113	0.4934249670583113
-3.047570122019555	0.19251015847416317	0.19251015847416314
2.224521152615053	0.726174915217283	0.726174915217283
-2.192276375591442	0.27908683276800966	0.2790868327680096
-4.756840335685462	0.019490150802255576	0.019490150802255524
1.4547229590716784	0.6482524847625692	0.6482524847625692
-3.2288932059295106	0.17415582156571777	0.17415582156571774
4.404585843529143	0.9468508543002165	0.9468508543002166
4.539285770025874	0.9604857858221819	0.960485785822182
4.148643902204485	0.920943261517341	0.920943261517341
-1.2984129974455565	0.369567698407588	0.36956769840758796
-4.845433834711326	0.010522318941276249	0.010522318941276199
4.283185625877254	0.934562179038947	0.9345621790389471
-0.7181585168268567	0.42830366296464045	0.42830366296464045
4.666548190436696	0.9733678595749338	0.9733678595749338
4.636199770892528	0.9702958562483792	0.9702958562483792
3.5300945546736013	0.8583309185421972	0.8583309185421972
-2.055511079304143	0.2929308302961292	0.2929308302961292
-1.1490227139807474	0.3846896538389379	0.38468965383893783
3.511366715168569	0.8564352025173508	0.856435202517351
-1.830779948437224	0.31567912467102366	0.31567912467102366
-3.305072533139075	0.16644460793029672	0.1664446079302967
0.5680126245835018	0.5584956823276495	0.5584956823276495
4.36154774160781	0.9424943443317647	0.9424943443317647
1.9602979667497296	0.6994290576694198	0.6994290576694198
0.7006117008936492	0.571917956358427	0.571917956358427
-4.028235062292315	0.09324284887443697	0.09324284887443696
1.1500722669916978	0.6174143734683459	0.6174143734683459
4.900538501042632	0.9970534097076784	0.9970534097076784
-3.59915984763476	0.13667576915721338	0.13667576915721336
0.1832965236373676	0.5195529907596228	0.5195529907596228
3.7737307192795537	0.8829928653381153	0.8829928653381153
2.407686177542044	0.7447157016679662	0.7447157016679662
1.97015740995268	0.7004270747909822	0.7004270747909822
2.024840839871093	0.705962377160593	0.705962377160593
-1.4050884878024483	0.35876952617455715	0.35876952617455715
-2.0640815573550664	0.2920632880162328	0.2920632880162328
3.093611554785136	0.814148148968632	0.814148148968632
3.1011339467918084	0.8149095992719834	0.8149095992719835
3.670723185801037	0.8725659801737776	0.8725659801737776
4.132405525564714	0.9192995401043487	0.9192995401043487
0.1134239886093784	0.5124801789537761	0.5124801789537761
0.015162946871996	0.5025337550008372	0.5025337550008372
2.9829517896677515	0.8029466705502385	0.8029466705502386
1.4996393077776515	0.6527991193061117	0.6527991193061118
2.0196687725770337	0.7054388372803896	0.7054388372803897
2.95792669436101	0.8004135180110176	0.8004135180110175
3.900053418175663	0.8957798162586869	0.895779816258687
-1.620048431484642	0.3370103152506865	0.3370103152506865
-1.24417047360056	0.37505837028425787	0.37505837028425787
-4.06018060159131	0.0900091779133424	0.0900091779133424
0.7828014099617402	0.5802375678392906	0.5802375678392906
-4.640577262032579	0.031258821276093945	0.03125882127609392
-0.3440198186753989	0.4661756623167426	0.46617566231674257
0.4264463470757658	0.544165707918314	0.544165707918314
-2.134587478717156	0.2849263620009948	0.2849263620009948
0.9083326056901077	0.5929443992544381	0.5929443992544381
-4.694997500609506	0.025750160316108783	0.025750160316108772
0.0009543185911366226	0.5010954938327045	0.5010954938327045
3.2260056065965834	0.8275496694988487	0.8275496694988487
-1.3980935858873709	0.35947758156178305	0.35947758156178305
-3.729394873481152	0.12349279493175942	0.12349279493175941
0.2224326005480437	0.5235145202317891	0.5235145202317891
2.6999355309861084	0.7742984937687858	0.7742984937687858
-2.8417897250315685	0.21334017445462578	0.21334017445462578
1.2289047581900023	0.6253941522785512	0.6253941522785512
-4.14652535006232	0.08126897468307473	0.0812689746830747
-4.483182788313923	0.04719099679321823	0.0471909967932182
0.3135463156814797	0.5327374596859277	0.5327374596859277
0.4063512161010649	0.5421315885101521	0.5421315885101521
1.374299014982066	0.6401116119432003	0.6401116119432003
2.260913337226615	0.7298586955876116	0.7298586955876116
4.758520794625346	0.9826777396366686	0.9826777396366686
0.1630034830119529	0.5174988380477673	0.5174988380477673
-1.7704352705875404	0.32178748398193585	0.32178748398193585
2.9518619476870365	0.7997996171147932	0.7997996171147932
-2.291677487379258	0.2690250058043031	0.2690250058043031
-0.6102857929436389	0.4392230245522004	0.4392230245522004
-4.215436186577341	0.07429351031987434	0.0742935103198743
-4.746492565845425	0.020537598539188028	0.020537598539188018
4.626484146779252	0.9693123971409916	0.9693123971409915
3.359801205122059	0.8410930608820615	0.8410930608820615
1.95974206093698	0.6993727863863788	0.6993727863863788
-0.9104705558573016	0.4088369746654951	0.40883697466549507
-3.2670567992915425	0.1702927312459464	0.17029273124594635
-3.4356295732891398	0.15322903797079998	0.15322903797079995
-2.497571018354047	0.24818353789359096	0.24818353789359093
0.4922666470612045	0.5508283342938262	0.5508283342938262
2.145959227000623	0.7182225242706369	0.7182225242706369
1.6019737671773129	0.663157872889289	0.6631578728892891
-2.200661030540572	0.27823810033704227	0.27823810033704227
4.5486528066319405	0.9614339593365199	0.9614339593365199
2.3789691669576847	0.741808836883279	0.741808836883279
0.5435405251140066	0.5560185065106799	0.5560185065106799
1.1172074623435222	0.6140876503400188	0.6140876503400188
-0.8039993757221007	0.4196144657002919	0.4196144657002919
-2.5226901049884254	0.2456408711300543	0.24564087113005428
-1.440273213487384	0.35520797021970013	0.35520797021970013
2.578461104643691	0.7620023067705761	0.7620023067705761
-4.856065113702441	0.009446173134780293	0.009446173134780245
-3.839273594930837	0.11237037726122029	0.11237037726122029
-4.5399735797824725	0.04144237782295708	0.041442377822957066
-4.592711976810299	0.036103960418029345	0.036103960418029324
3.5546058401100726	0.8608120609387355	0.8608120609387355
2.036578593800237	0.7071505253296971	0.7071505253296971
-0.2582617091267476	0.4748564833205866	0.4748564833205866
-4.021658393489985	0.09390856882762931	0.09390856882762927
-0.0838412488316766	0.4925121056657903	0.4925121056657903
-0.2652822921943434	0.47414582837176406	0.474145828371764
-3.267981300899848	0.1701991490410482	0.17019914904104816
-0.6614835076202699	0.4340405619343464	0.4340405619343464
-1.0149526560262654	0.39826082723820216	0.39826082723820216
1.1585009805221649	0.6182675657067914	0.6182675657067914
1.3509365086764378	0.6377467541296628	0.6377467541296628
-4.546959902279555	0.04073519088295232	0.0407351908829523
-1.2538738537352878	0.3740761505673687	0.3740761505673687
1.2585991571423634	0.6283999527034771	0.6283999527034771
0.0313625858008768	0.5041735552087551	0.5041735552087551
3.564898411883222	0.861853921279433	0.8618539212794329
1.5869363161894503	0.6616357145643593	0.6616357145643593
-3.370655729185703	0.159805982280348	0.15980598228034798
-4.294312525995702	0.06630929299590459	0.06630929299590455
1.424192782063156	0.6451620831291669	0.6451620831291669
-4.734886894583782	0.021712376707480382	0.02171237670748033
0.8577558127346325	0.5878247891218724	0.5878247891218724
4.402302414249576	0.946619715333241	0.946619715333241
0.75474177875879	0.5773972459480005	0.5773972459480006
-1.118300737934781	0.38779947023231487	0.38779947023231487
1.4328821844235318	0.6460416634617768	0.6460416634617768
-0.4174710950848332	0.458740594235485	0.458740594235485
0.4561678931593498	0.5471742562977849	0.5471742562977849
4.414648087765251	0.9478693998531716	0.9478693998531718
-1.1389736219922575	0.3857068680623199	0.3857068680623199
4.611905638239142	0.9678366950318176	0.9678366950318176
4.053506419560637	0.9113130182443239	0.9113130182443239
-3.042088652107036	0.19306501747699062	0.19306501747699056
-4.3063869912483455	0.06508706139440373	0.06508706139440368
-3.9922199862257335	0.09688845662417936	0.09688845662417933
-4.817781743484503	0.013321387805846211	0.013321387805846185
-4.055570392440716	0.09047584398885666	0.09047584398885666
1.8300677341635687	0.6862465686392938	0.6862465686392938
-4.28811351539771	0.06693678468952181	0.0669367846895218
-1.8102436970623872	0.3177578962672395	0.3177578962672395
3.448753109694545	0.8500971721621347	0.8500971721621347
-4.767280642641741	0.018433336042816058	0.01843333604281605
3.1446848258893585	0.8193180148491879	0.8193180148491879
-2.1814522522660007	0.2801824991441252	0.2801824991441252
-3.8183517237834375	0.11448818302270375	0.11448818302270375
1.9673716536415065	0.7001450880258249	0.7001450880258249
1.2894284677988397	0.6315206339881893	0.6315206339881893
3.774720135270529	0.8830930184683696	0.8830930184683696
2.350710438038858	0.7389483614270037	0.7389483614270037
3.034809303848485	0.8081959210371779	0.8081959210371779
-2.179654274286935	0.2803644985502136	0.2803644985502136
-3.225604562202772	0.17448871285363773	0.1744887128536377
2.506147516408584	0.7546824005958893	0.7546824005958893
3.0683473926726403	0.8115907970136398	0.8115907970136398
4.905051420006734	0.9975102276335679	0.9975102276335679
-0.8738232308857352	0.41254658148894535	0.41254658148894535
-1.279819142072168	0.3714498519568821	0.37144985195688207
2.764129607419968	0.7807965064927402	0.7807965064927402
-1.5919645974698216	0.3398530870592933	0.3398530870592933
4.307573256035648	0.9370308044928799	0.9370308044928801
3.584127518430119	0.8638003778055386	0.8638003778055386
-0.710059726249817	0.42912345891999576	0.4291234589199957
2.5087106779149737	0.7549418553151924	0.7549418553151925
2.5454287408468232	0.7586586225526797	0.7586586225526797
-3.968761311640674	0.09926304902287023	0.0992630490228702
4.0255290667956665	0.9084810249460535	0.9084810249460535
0.0525237244785712	0.5063155807042491	0.5063155807042491
3.2645746610774165	0.831453802414065	0.831453802414065
-1.7995039896938825	0.31884501768106643	0.31884501768106643
3.9552322849620047	0.9013652689731668	0.9013652689731668
-1.107983212658369	0.3888438564786833	0.3888438564786833
-4.891623485197016	0.0058467950729600635	0.005846795072960043
4.053819764192637	0.9113447363952628	0.9113447363952629
-4.087133232138664	0.08728091160015382	0.08728091160015378
-1.8068636240958516	0.31810004243343715	0.31810004243343715
4.5006196705080495	0.9565718295724743	0.9565718295724743
4.506071469375561	0.9571236851388681	0.9571236851388681
0.7343788812328613	0.5753360220069349	0.5753360220069349
1.3183721216979922	0.6344504406270963	0.6344504406270963
-0.5155447802168025	0.44881313535959877	0.44881313535959877
-2.0678922830193547	0.29167754924982875	0.29167754924982875
-1.7133545463008404	0.3275654512541914	0.3275654512541914
1.7251845607703844	0.6756298227789522	0.6756298227789521
2.5237452943768	0.7564637267166664	0.7564637267166664
2.915790437258485	0.7961482968254752	0.7961482968254752
2.896181427945539	0.7941633848351773	0.7941633848351772
-4.087938969513097	0.08719935124440009	0.08719935124440009
-0.0557969529741857	0.49535087524453913	0.49535087524453913
-4.424412399833557	0.053139999463747103	0.05313999946374709
0.4952888232373551	0.5511342525395212	0.5511342525395212
-0.5846949862662303	0.4418134409370734	0.4418134409370734
3.877041827582998	0.893450479709642	0.8934504797096421
-1.4908498744792134	0.3500883734450873	0.35008837344508725
-3.829329835723941	0.11337692922738063	0.11337692922738063
-3.570083179471641	0.13961904009731044	0.1396190400973104
2.615106317174723	0.7657116997633081	0.7657116997633082
1.182180633162611	0.6206645264967012	0.6206645264967012
-3.988773238772097	0.09723735188140865	0.09723735188140864
-4.158931938850026	0.08001312404572741	0.08001312404572741
2.0096913145911994	0.7044288741724778	0.7044288741724778
-4.272369936358064	0.06853042046720306	0.06853042046720303
3.218600592903563	0.8268001007555724	0.8268001007555725
2.0624222715649623	0.7097665384617186	0.7097665384617186
-4.186512193581002	0.07722132679389782	0.07722132679389776
-4.15162285914808	0.08075298191956995	0.08075298191956992
4.866395785011754	0.9935973306498608	0.9935973306498608
-1.257292042438797	0.37373014615508987	0.37373014615508987
-1.293578529331091	0.37005706498261326	0.37005706498261326
3.1279956725750253	0.8176286637966761	0.8176286637966761
4.472485773838587	0.9537239901971242	0.9537239901971242
4.860010638228708	0.9929509974156208	0.9929509974156208
2.533781852589416	0.7574796722149629	0.757479672214963
-1.237404144690842	0.3757432884853182	0.37574328848531824
-4.164992833013312	0.07939961311793717	0.07939961311793714
2.771469159274368	0.7815394488947102	0.7815394488947102
0.58404249735805	0.560118298042975	0.560118298042975
-0.7577799075302369	0.42429300785074375	0.42429300785074375
4.06354385094736	0.9123290521292251	0.9123290521292251
-3.888025176938487	0.10743552317814907	0.10743552317814903
-0.0737489570914089	0.4935336927620652	0.4935336927620652
-4.886463552325809	0.006369106652384357	0.0063691066523843265
-0.3133935800587375	0.4692757877375511	0.4692757877375511
-4.436967243181627	0.05186914183396143	0.05186914183396141
-3.811820837319281	0.11514926868200932	0.11514926868200931
-3.824737532228952	0.113841782812017	0.11384178281201696
1.492103021160636	0.652036262527898	0.6520362625278981
2.4604487926542333	0.7500565705361609	0.7500565705361609
0.833687650971596	0.5853885016937085	0.5853885016937085
4.6217254847454186	0.9688307039979067	0.9688307039979067
-1.2512942047629592	0.3743372742220224	0.37433727422202234
-2.1428791371813927	0.28408704309189253	0.28408704309189253
3.6859912818946032	0.874111485432176	0.8741114854321759
-2.764041614805474	0.22121018735267098	0.22121018735267095
4.632225394406113	0.9698935520107738	0.9698935520107739
-4.878455253101837	0.00717974266656895	0.0071797426665689
4.69878826707639	0.9766313449284748	0.9766313449284749
-4.568400880494239	0.03856483877271373	0.038564838772713717
3.911431136980712	0.8969315200555465	0.8969315200555467
0.2770110908629988	0.529039200143435	0.529039200143435
4.929647961193004	1.0	1.0
-4.262034352646012	0.06957663466953075	0.06957663466953073
0.5385428440132074	0.5555126187841585	0.5555126187841585
4.69302535619099	0.9760479972063696	0.9760479972063696
0.2309784417014881	0.5243795686542738	0.5243795686542738
1.2939863813526251	0.6319820064685255	0.6319820064685255
1.9574868898461717	0.6991445078401819	0.6991445078401819
-0.4545893523222677	0.4549833175330408	0.4549833175330408
1.2755808008406344	0.6301189109462788	0.6301189109462788
0.8431431192310024	0.5863456266571601	0.5863456266571601
4.011580104909889	0.9070690483766403	0.9070690483766403
-4.545536196585421	0.04087930476743482	0.04087930476743479
-2.190368104077697	0.27927999658102676	0.27927999658102676
4.504114840765588	0.9569256264033903	0.9569256264033903
3.902637838909163	0.8960414229324372	0.8960414229324372
-0.4434324721428702	0.45611266705238557	0.45611266705238557
1.2013259780153671	0.622602504287937	0.622602504287937
-2.226188170188673	0.27565412861481603	0.27565412861481603
-3.118788402762387	0.18530112424307033	0.18530112424307033
-0.3630159506001789	0.46425278852821916	0.46425278852821916
-1.4664777197394718	0.35255543240764126	0.3525554324076412
0.8365611185087207	0.5856793669830836	0.5856793669830836
-4.222653630350152	0.0735629282463325	0.07356292824633248
4.743948076661665	0.9812026236756475	0.9812026236756475
4.862107444796029	0.9931632455935061	0.9931632455935062
